2 0.779687 0.828125 0.292187 0.265625
2 0.545312 0.556250 0.156250 0.121875
2 0.464062 0.611719 0.121875 0.131250
2 0.061719 0.675000 0.123438 0.184375
2 0.348438 0.464062 0.081250 0.090625
2 0.912500 0.624219 0.175000 0.151562
2 0.313281 0.628906 0.106250 0.170313
2 0.449219 0.457031 0.078125 0.098437
2 0.379688 0.400781 0.054688 0.042188
2 0.073438 0.446094 0.059375 0.098437
2 0.161719 0.422656 0.076563 0.071875
1 0.245312 0.403125 0.085938 0.106250
4 0.455469 0.836719 0.364063 0.326562
4 0.724219 0.461719 0.200000 0.218750
2 0.848437 0.487500 0.117188 0.121875
2 0.600781 0.417187 0.082812 0.087500
2 0.946875 0.492188 0.092188 0.103125
2 0.262500 0.524219 0.092188 0.090625
2 0.183594 0.701562 0.170313 0.296875
2 0.301563 0.389062 0.064062 0.087500
