2 0.220313 0.828125 0.292187 0.265625
2 0.454688 0.556250 0.156250 0.121875
2 0.535937 0.611719 0.121875 0.131250
2 0.938281 0.675000 0.123438 0.184375
2 0.651563 0.464062 0.081250 0.090625
2 0.087500 0.624219 0.175000 0.151562
2 0.686719 0.628906 0.106250 0.170313
2 0.550781 0.457031 0.078125 0.098437
2 0.620313 0.400781 0.054688 0.042188
2 0.926562 0.446094 0.059375 0.098437
2 0.838281 0.422656 0.076563 0.071875
1 0.754687 0.403125 0.085938 0.106250
4 0.544531 0.836719 0.364063 0.326562
4 0.275781 0.461719 0.200000 0.218750
2 0.151563 0.487500 0.117188 0.121875
2 0.399219 0.417187 0.082812 0.087500
2 0.053125 0.492188 0.092188 0.103125
2 0.737500 0.524219 0.092188 0.090625
2 0.816406 0.701562 0.170313 0.296875
2 0.698438 0.389062 0.064062 0.087500
